# time  created  delivered  delivered/created
22.0000 1 0 0.0000
45.0000 2 0 0.0000
61.0000 3 0 0.0000
76.0000 4 0 0.0000
92.0000 5 0 0.0000
108.0000 6 0 0.0000
126.0000 7 0 0.0000
142.0000 8 0 0.0000
164.0000 9 0 0.0000
180.0000 10 0 0.0000
196.0000 11 0 0.0000
216.0000 12 0 0.0000
236.0000 12 1 0.0833
239.0000 13 1 0.0769
257.0000 14 1 0.0714
265.0000 14 2 0.1429
277.0000 15 2 0.1333
295.0000 16 2 0.1250
313.0000 16 3 0.1875
317.0000 17 3 0.1765
329.0000 17 4 0.2353
335.0000 18 4 0.2222
351.0000 19 4 0.2105
369.0000 20 4 0.2000
387.0000 20 5 0.2500
388.0000 21 5 0.2381
406.0000 22 5 0.2273
421.0000 23 5 0.2174
443.0000 24 5 0.2083
467.0000 25 5 0.2000
490.0000 26 5 0.1923
506.0000 27 5 0.1852
522.0000 28 5 0.1786
538.0000 29 5 0.1724
538.0000 29 6 0.2069
554.0000 30 6 0.2000
573.0000 30 7 0.2333
577.0000 31 7 0.2258
601.0000 32 7 0.2188
625.0000 33 7 0.2121
638.0000 33 8 0.2424
643.0000 34 8 0.2353
658.0000 35 8 0.2286
666.0000 35 9 0.2571
678.0000 36 9 0.2500
682.0000 36 10 0.2778
696.0000 36 11 0.3056
702.0000 37 11 0.2973
723.0000 38 11 0.2895
724.0000 38 12 0.3158
738.0000 39 12 0.3077
754.0000 40 12 0.3000
771.0000 41 12 0.2927
789.0000 42 12 0.2857
810.0000 43 12 0.2791
820.0000 43 13 0.3023
828.0000 44 13 0.2955
847.0000 45 13 0.2889
866.0000 46 13 0.2826
873.0000 46 14 0.3043
885.0000 47 14 0.2979
906.0000 48 14 0.2917
928.0000 49 14 0.2857
949.0000 50 14 0.2800
955.0000 50 15 0.3000
956.0000 50 16 0.3200
965.0000 50 17 0.3400
966.0000 51 17 0.3333
976.0000 51 18 0.3529
981.0000 52 18 0.3462
999.0000 53 18 0.3396
1004.0000 53 19 0.3585
1020.0000 53 20 0.3774
1021.0000 54 20 0.3704
1044.0000 55 20 0.3636
1068.0000 56 20 0.3571
1092.0000 57 20 0.3509
1102.0000 57 21 0.3684
1103.0000 57 22 0.3860
1112.0000 58 22 0.3793
1131.0000 59 22 0.3729
1139.0000 59 23 0.3898
1149.0000 60 23 0.3833
1171.0000 61 23 0.3770
1175.0000 61 24 0.3934
1191.0000 62 24 0.3871
1213.0000 63 24 0.3810
1233.0000 63 25 0.3968
1234.0000 63 26 0.4127
1236.0000 64 26 0.4063
1257.0000 65 26 0.4000
1277.0000 66 26 0.3939
1298.0000 67 26 0.3881
1319.0000 68 26 0.3824
1337.0000 69 26 0.3768
1353.0000 70 26 0.3714
1368.0000 71 26 0.3662
1384.0000 72 26 0.3611
1406.0000 73 26 0.3562
1407.0000 73 27 0.3699
1427.0000 74 27 0.3649
1446.0000 75 27 0.3600
1461.0000 76 27 0.3553
1475.0000 76 28 0.3684
1481.0000 76 29 0.3816
1484.0000 77 29 0.3766
1507.0000 78 29 0.3718
1512.0000 78 30 0.3846
1527.0000 79 30 0.3797
1543.0000 79 31 0.3924
1546.0000 80 31 0.3875
1567.0000 80 32 0.4000
1568.0000 81 32 0.3951
1584.0000 82 32 0.3902
1597.0000 82 33 0.4024
1607.0000 83 33 0.3976
1616.0000 83 34 0.4096
1616.0000 83 35 0.4217
1628.0000 84 35 0.4167
1650.0000 85 35 0.4118
1674.0000 86 35 0.4070
1692.0000 86 36 0.4186
1696.0000 87 36 0.4138
1718.0000 88 36 0.4091
1740.0000 89 36 0.4045
1755.0000 90 36 0.4000
1778.0000 91 36 0.3956
1802.0000 92 36 0.3913
1802.0000 92 37 0.4022
1821.0000 92 38 0.4130
1825.0000 93 38 0.4086
1840.0000 93 39 0.4194
1841.0000 93 40 0.4301
1842.0000 94 40 0.4255
1851.0000 94 41 0.4362
1858.0000 95 41 0.4316
1860.0000 95 42 0.4421
1861.0000 95 43 0.4526
1881.0000 96 43 0.4479
1886.0000 96 44 0.4583
1899.0000 97 44 0.4536
1923.0000 98 44 0.4490
1940.0000 98 45 0.4592
1946.0000 99 45 0.4545
1949.0000 99 46 0.4646
1967.0000 100 46 0.4600
1987.0000 101 46 0.4554
2005.0000 102 46 0.4510
2026.0000 102 47 0.4608
2027.0000 103 47 0.4563
2048.0000 104 47 0.4519
2062.0000 104 48 0.4615
2064.0000 105 48 0.4571
2085.0000 106 48 0.4528
2105.0000 106 49 0.4623
2106.0000 107 49 0.4579
2123.0000 107 50 0.4673
2130.0000 108 50 0.4630
2149.0000 109 50 0.4587
2164.0000 110 50 0.4545
2175.0000 110 51 0.4636
2176.0000 110 52 0.4727
2184.0000 110 53 0.4818
2185.0000 111 53 0.4775
2194.0000 111 54 0.4865
2208.0000 112 54 0.4821
2228.0000 113 54 0.4779
2228.0000 113 55 0.4867
2249.0000 114 55 0.4825
2271.0000 115 55 0.4783
2292.0000 116 55 0.4741
2312.0000 117 55 0.4701
2327.0000 118 55 0.4661
2332.0000 118 56 0.4746
2339.0000 118 57 0.4831
2349.0000 119 57 0.4790
2373.0000 120 57 0.4750
2388.0000 121 57 0.4711
2412.0000 122 57 0.4672
2428.0000 123 57 0.4634
2451.0000 124 57 0.4597
2452.0000 124 58 0.4677
2468.0000 124 59 0.4758
2470.0000 125 59 0.4720
2485.0000 126 59 0.4683
2489.0000 126 60 0.4762
2502.0000 127 60 0.4724
2519.0000 128 60 0.4688
2538.0000 129 60 0.4651
2549.0000 129 61 0.4729
2555.0000 130 61 0.4692
2576.0000 131 61 0.4656
2598.0000 132 61 0.4621
2617.0000 133 61 0.4586
2641.0000 134 61 0.4552
2656.0000 135 61 0.4519
2673.0000 136 61 0.4485
2695.0000 137 61 0.4453
2713.0000 138 61 0.4420
2737.0000 139 61 0.4388
2744.0000 139 62 0.4460
2756.0000 140 62 0.4429
2775.0000 141 62 0.4397
2794.0000 142 62 0.4366
2809.0000 143 62 0.4336
2827.0000 144 62 0.4306
2830.0000 144 63 0.4375
2848.0000 145 63 0.4345
2863.0000 146 63 0.4315
2879.0000 147 63 0.4286
2889.0000 147 64 0.4354
2895.0000 148 64 0.4324
2915.0000 149 64 0.4295
2930.0000 150 64 0.4267
2953.0000 151 64 0.4238
2965.0000 151 65 0.4305
2975.0000 152 65 0.4276
2977.0000 152 66 0.4342
2997.0000 153 66 0.4314
3013.0000 154 66 0.4286
3028.0000 155 66 0.4258
3030.0000 155 67 0.4323
3048.0000 156 67 0.4295
3072.0000 157 67 0.4268
3079.0000 157 68 0.4331
3088.0000 157 69 0.4395
3089.0000 157 70 0.4459
3090.0000 157 71 0.4522
3092.0000 157 72 0.4586
3094.0000 158 72 0.4557
3109.0000 159 72 0.4528
3126.0000 160 72 0.4500
3149.0000 161 72 0.4472
3167.0000 162 72 0.4444
3168.0000 162 73 0.4506
3189.0000 163 73 0.4479
3209.0000 164 73 0.4451
3214.0000 164 74 0.4512
3226.0000 165 74 0.4485
3234.0000 165 75 0.4545
3247.0000 166 75 0.4518
3258.0000 166 76 0.4578
3259.0000 166 77 0.4639
3265.0000 167 77 0.4611
3267.0000 167 78 0.4671
3284.0000 168 78 0.4643
3300.0000 168 79 0.4702
3306.0000 169 79 0.4675
3319.0000 169 80 0.4734
3320.0000 169 81 0.4793
3327.0000 170 81 0.4765
3346.0000 170 82 0.4824
3348.0000 171 82 0.4795
3364.0000 172 82 0.4767
3382.0000 173 82 0.4740
3406.0000 174 82 0.4713
3409.0000 174 83 0.4770
3426.0000 175 83 0.4743
3441.0000 176 83 0.4716
3461.0000 177 83 0.4689
3468.0000 177 84 0.4746
3469.0000 177 85 0.4802
3485.0000 178 85 0.4775
3500.0000 179 85 0.4749
3507.0000 179 86 0.4804
3522.0000 180 86 0.4778
3542.0000 181 86 0.4751
3563.0000 182 86 0.4725
3583.0000 183 86 0.4699
3607.0000 184 86 0.4674
3608.0000 184 87 0.4728
3609.0000 184 88 0.4783
3610.0000 184 89 0.4837
3614.0000 184 90 0.4891
3631.0000 185 90 0.4865
3645.0000 185 91 0.4919
3649.0000 186 91 0.4892
3660.0000 186 92 0.4946
3661.0000 186 93 0.5000
3665.0000 187 93 0.4973
3687.0000 188 93 0.4947
3706.0000 189 93 0.4921
3723.0000 190 93 0.4895
3737.0000 190 94 0.4947
3743.0000 191 94 0.4921
3752.0000 191 95 0.4974
3753.0000 191 96 0.5026
3754.0000 191 97 0.5079
3755.0000 191 98 0.5131
3763.0000 192 98 0.5104
3776.0000 192 99 0.5156
3780.0000 193 99 0.5130
3784.0000 193 100 0.5181
3795.0000 194 100 0.5155
3814.0000 195 100 0.5128
3830.0000 196 100 0.5102
3852.0000 197 100 0.5076
3875.0000 198 100 0.5051
3896.0000 198 101 0.5101
3898.0000 199 101 0.5075
3920.0000 200 101 0.5050
3939.0000 201 101 0.5025
3942.0000 201 102 0.5075
3956.0000 202 102 0.5050
3974.0000 202 103 0.5099
3980.0000 203 103 0.5074
3998.0000 204 103 0.5049
4002.0000 204 104 0.5098
4004.0000 204 105 0.5147
4015.0000 205 105 0.5122
4036.0000 206 105 0.5097
4052.0000 206 106 0.5146
4056.0000 207 106 0.5121
4060.0000 207 107 0.5169
4061.0000 207 108 0.5217
4062.0000 207 109 0.5266
4068.0000 207 110 0.5314
4077.0000 208 110 0.5288
4083.0000 208 111 0.5337
4094.0000 209 111 0.5311
4114.0000 210 111 0.5286
4129.0000 211 111 0.5261
4134.0000 211 112 0.5308
4145.0000 212 112 0.5283
4155.0000 212 113 0.5330
4164.0000 213 113 0.5305
4184.0000 214 113 0.5280
4206.0000 215 113 0.5256
4226.0000 216 113 0.5231
4246.0000 217 113 0.5207
4270.0000 218 113 0.5183
4285.0000 219 113 0.5160
4307.0000 220 113 0.5136
4315.0000 220 114 0.5182
4316.0000 220 115 0.5227
4330.0000 221 115 0.5204
4344.0000 221 116 0.5249
4350.0000 222 116 0.5225
4351.0000 222 117 0.5270
4352.0000 222 118 0.5315
4367.0000 223 118 0.5291
4384.0000 224 118 0.5268
4404.0000 225 118 0.5244
4418.0000 225 119 0.5289
4419.0000 225 120 0.5333
4420.0000 225 121 0.5378
4421.0000 226 121 0.5354
4422.0000 226 122 0.5398
4438.0000 227 122 0.5374
4460.0000 228 122 0.5351
4479.0000 229 122 0.5328
4502.0000 230 122 0.5304
4515.0000 230 123 0.5348
4516.0000 230 124 0.5391
4517.0000 230 125 0.5435
4519.0000 231 125 0.5411
4528.0000 231 126 0.5455
4529.0000 231 127 0.5498
4530.0000 231 128 0.5541
4531.0000 231 129 0.5584
4536.0000 232 129 0.5560
4552.0000 233 129 0.5536
4573.0000 234 129 0.5513
4589.0000 235 129 0.5489
4604.0000 236 129 0.5466
4623.0000 237 129 0.5443
4645.0000 238 129 0.5420
4662.0000 239 129 0.5397
4684.0000 240 129 0.5375
4701.0000 241 129 0.5353
4717.0000 242 129 0.5331
4738.0000 243 129 0.5309
4755.0000 244 129 0.5287
4763.0000 244 130 0.5328
4767.0000 244 131 0.5369
4770.0000 244 132 0.5410
4771.0000 245 132 0.5388
4793.0000 246 132 0.5366
4817.0000 247 132 0.5344
4834.0000 247 133 0.5385
4835.0000 247 134 0.5425
4838.0000 248 134 0.5403
4838.0000 248 135 0.5444
4858.0000 249 135 0.5422
4864.0000 249 136 0.5462
4877.0000 250 136 0.5440
4900.0000 251 136 0.5418
4923.0000 252 136 0.5397
4943.0000 253 136 0.5375
4964.0000 254 136 0.5354
4986.0000 255 136 0.5333
5002.0000 256 136 0.5313
5017.0000 257 136 0.5292
5034.0000 258 136 0.5271
5045.0000 258 137 0.5310
5046.0000 258 138 0.5349
5055.0000 259 138 0.5328
5079.0000 260 138 0.5308
5100.0000 261 138 0.5287
5118.0000 262 138 0.5267
5137.0000 262 139 0.5305
5139.0000 263 139 0.5285
5141.0000 263 140 0.5323
5155.0000 264 140 0.5303
5175.0000 265 140 0.5283
5176.0000 265 141 0.5321
5180.0000 265 142 0.5358
5199.0000 266 142 0.5338
5223.0000 267 142 0.5318
5228.0000 267 143 0.5356
5238.0000 268 143 0.5336
5259.0000 269 143 0.5316
5261.0000 269 144 0.5353
5262.0000 269 145 0.5390
5276.0000 270 145 0.5370
5295.0000 271 145 0.5351
5307.0000 271 146 0.5387
5308.0000 271 147 0.5424
5309.0000 271 148 0.5461
5316.0000 272 148 0.5441
5333.0000 273 148 0.5421
5349.0000 274 148 0.5401
5353.0000 274 149 0.5438
5354.0000 274 150 0.5474
5355.0000 274 151 0.5511
5356.0000 274 152 0.5547
5357.0000 274 153 0.5584
5364.0000 275 153 0.5564
5383.0000 276 153 0.5543
5387.0000 276 154 0.5580
5405.0000 277 154 0.5560
5415.0000 277 155 0.5596
5429.0000 278 155 0.5576
5429.0000 278 156 0.5612
5450.0000 279 156 0.5591
5464.0000 279 157 0.5627
5466.0000 280 157 0.5607
5487.0000 281 157 0.5587
5507.0000 282 157 0.5567
5528.0000 283 157 0.5548
5547.0000 284 157 0.5528
5562.0000 285 157 0.5509
5569.0000 285 158 0.5544
5576.0000 285 159 0.5579
5585.0000 286 159 0.5559
5600.0000 287 159 0.5540
5610.0000 287 160 0.5575
5617.0000 288 160 0.5556
5635.0000 289 160 0.5536
5658.0000 290 160 0.5517
5679.0000 291 160 0.5498
5703.0000 292 160 0.5479
5704.0000 292 161 0.5514
5706.0000 292 162 0.5548
5706.0000 292 163 0.5582
5721.0000 293 163 0.5563
5733.0000 293 164 0.5597
5734.0000 293 165 0.5631
5741.0000 294 165 0.5612
5757.0000 295 165 0.5593
5765.0000 295 166 0.5627
5767.0000 295 167 0.5661
5773.0000 296 167 0.5642
5797.0000 297 167 0.5623
5806.0000 297 168 0.5657
5813.0000 298 168 0.5638
5814.0000 298 169 0.5671
5832.0000 298 170 0.5705
5833.0000 299 170 0.5686
5833.0000 299 171 0.5719
5848.0000 300 171 0.5700
5853.0000 300 172 0.5733
5868.0000 301 172 0.5714
5891.0000 302 172 0.5695
5907.0000 303 172 0.5677
5930.0000 304 172 0.5658
5947.0000 305 172 0.5639
5963.0000 306 172 0.5621
5986.0000 307 172 0.5603
5991.0000 307 173 0.5635
5992.0000 307 174 0.5668
5993.0000 307 175 0.5700
5994.0000 307 176 0.5733
5995.0000 307 177 0.5765
5996.0000 307 178 0.5798
5998.0000 307 179 0.5831
6009.0000 308 179 0.5812
6031.0000 309 179 0.5793
6047.0000 309 180 0.5825
6050.0000 310 180 0.5806
6074.0000 311 180 0.5788
6074.0000 311 181 0.5820
6087.0000 311 182 0.5852
6093.0000 312 182 0.5833
6095.0000 312 183 0.5865
6097.0000 312 184 0.5897
6098.0000 312 185 0.5929
6109.0000 312 186 0.5962
6117.0000 313 186 0.5942
6126.0000 313 187 0.5974
6136.0000 314 187 0.5955
6158.0000 314 188 0.5987
6160.0000 315 188 0.5968
6182.0000 316 188 0.5949
6189.0000 316 189 0.5981
6199.0000 317 189 0.5962
6203.0000 317 190 0.5994
6204.0000 317 191 0.6025
6205.0000 317 192 0.6057
6206.0000 317 193 0.6088
6216.0000 318 193 0.6069
6233.0000 319 193 0.6050
6255.0000 320 193 0.6031
6258.0000 320 194 0.6063
6279.0000 321 194 0.6044
6296.0000 322 194 0.6025
6312.0000 323 194 0.6006
6328.0000 324 194 0.5988
6345.0000 325 194 0.5969
6363.0000 326 194 0.5951
6380.0000 327 194 0.5933
6396.0000 328 194 0.5915
6420.0000 329 194 0.5897
6438.0000 330 194 0.5879
6461.0000 331 194 0.5861
6468.0000 331 195 0.5891
6485.0000 332 195 0.5873
6507.0000 333 195 0.5856
6525.0000 334 195 0.5838
6549.0000 335 195 0.5821
6569.0000 336 195 0.5804
6589.0000 337 195 0.5786
6608.0000 337 196 0.5816
6610.0000 338 196 0.5799
6630.0000 339 196 0.5782
6652.0000 340 196 0.5765
6668.0000 341 196 0.5748
6688.0000 342 196 0.5731
6705.0000 343 196 0.5714
6722.0000 343 197 0.5743
6726.0000 344 197 0.5727
6746.0000 344 198 0.5756
6749.0000 345 198 0.5739
6757.0000 345 199 0.5768
6762.0000 345 200 0.5797
6769.0000 346 200 0.5780
6775.0000 346 201 0.5809
6790.0000 347 201 0.5793
6811.0000 348 201 0.5776
6830.0000 349 201 0.5759
6844.0000 349 202 0.5788
6851.0000 349 203 0.5817
6853.0000 350 203 0.5800
6871.0000 351 203 0.5783
6887.0000 351 204 0.5812
6891.0000 352 204 0.5795
6911.0000 353 204 0.5779
6920.0000 353 205 0.5807
6931.0000 354 205 0.5791
6952.0000 355 205 0.5775
6975.0000 356 205 0.5758
6996.0000 357 205 0.5742
7006.0000 357 206 0.5770
7015.0000 358 206 0.5754
7021.0000 358 207 0.5782
7034.0000 359 207 0.5766
7049.0000 359 208 0.5794
7050.0000 359 209 0.5822
7058.0000 360 209 0.5806
7064.0000 360 210 0.5833
7073.0000 361 210 0.5817
7090.0000 362 210 0.5801
7112.0000 363 210 0.5785
7127.0000 364 210 0.5769
7151.0000 365 210 0.5753
7169.0000 366 210 0.5738
7170.0000 366 211 0.5765
7192.0000 367 211 0.5749
7207.0000 368 211 0.5734
7210.0000 368 212 0.5761
7228.0000 369 212 0.5745
7248.0000 370 212 0.5730
7263.0000 371 212 0.5714
7283.0000 372 212 0.5699
7298.0000 373 212 0.5684
7315.0000 374 212 0.5668
7325.0000 374 213 0.5695
7335.0000 375 213 0.5680
7354.0000 375 214 0.5707
7356.0000 376 214 0.5691
7375.0000 377 214 0.5676
7395.0000 378 214 0.5661
7397.0000 378 215 0.5688
7398.0000 378 216 0.5714
7399.0000 378 217 0.5741
7417.0000 379 217 0.5726
7431.0000 379 218 0.5752
7432.0000 379 219 0.5778
7434.0000 379 220 0.5805
7439.0000 380 220 0.5789
7456.0000 380 221 0.5816
7456.0000 380 222 0.5842
7456.0000 380 223 0.5868
7462.0000 381 223 0.5853
7475.0000 381 224 0.5879
7486.0000 382 224 0.5864
7508.0000 383 224 0.5849
7528.0000 384 224 0.5833
7546.0000 385 224 0.5818
7564.0000 386 224 0.5803
7583.0000 387 224 0.5788
7604.0000 388 224 0.5773
7621.0000 389 224 0.5758
7637.0000 390 224 0.5744
7649.0000 390 225 0.5769
7653.0000 391 225 0.5754
7677.0000 392 225 0.5740
7693.0000 393 225 0.5725
7713.0000 394 225 0.5711
7729.0000 395 225 0.5696
7750.0000 396 225 0.5682
7769.0000 397 225 0.5668
7791.0000 398 225 0.5653
7803.0000 398 226 0.5678
7809.0000 399 226 0.5664
7825.0000 399 227 0.5689
7826.0000 399 228 0.5714
7827.0000 399 229 0.5739
7828.0000 399 230 0.5764
7830.0000 400 230 0.5750
7847.0000 401 230 0.5736
7864.0000 402 230 0.5721
7867.0000 402 231 0.5746
7883.0000 403 231 0.5732
7895.0000 403 232 0.5757
7899.0000 404 232 0.5743
7905.0000 404 233 0.5767
7911.0000 404 234 0.5792
7917.0000 405 234 0.5778
7940.0000 406 234 0.5764
7958.0000 407 234 0.5749
7962.0000 407 235 0.5774
7976.0000 407 236 0.5799
7977.0000 407 237 0.5823
7978.0000 408 237 0.5809
7995.0000 409 237 0.5795
8008.0000 409 238 0.5819
8012.0000 410 238 0.5805
8036.0000 411 238 0.5791
8050.0000 411 239 0.5815
8053.0000 412 239 0.5801
8075.0000 413 239 0.5787
8094.0000 414 239 0.5773
8111.0000 415 239 0.5759
8124.0000 415 240 0.5783
8127.0000 416 240 0.5769
8142.0000 417 240 0.5755
8150.0000 417 241 0.5779
8157.0000 418 241 0.5766
8180.0000 419 241 0.5752
8202.0000 420 241 0.5738
8223.0000 421 241 0.5724
8229.0000 421 242 0.5748
8230.0000 421 243 0.5772
8243.0000 422 243 0.5758
8245.0000 422 244 0.5782
8258.0000 423 244 0.5768
8280.0000 424 244 0.5755
8300.0000 424 245 0.5778
8301.0000 425 245 0.5765
8321.0000 426 245 0.5751
8326.0000 426 246 0.5775
8337.0000 427 246 0.5761
8357.0000 428 246 0.5748
8378.0000 429 246 0.5734
8398.0000 430 246 0.5721
8421.0000 431 246 0.5708
8436.0000 432 246 0.5694
8448.0000 432 247 0.5718
8459.0000 433 247 0.5704
8476.0000 434 247 0.5691
8493.0000 435 247 0.5678
8512.0000 435 248 0.5701
8516.0000 436 248 0.5688
8532.0000 437 248 0.5675
8555.0000 438 248 0.5662
8572.0000 439 248 0.5649
8585.0000 439 249 0.5672
8588.0000 440 249 0.5659
8588.0000 440 250 0.5682
8589.0000 440 251 0.5705
8590.0000 440 252 0.5727
8598.0000 440 253 0.5750
8601.0000 440 254 0.5773
8608.0000 441 254 0.5760
8629.0000 442 254 0.5747
8647.0000 443 254 0.5734
8667.0000 444 254 0.5721
8686.0000 445 254 0.5708
8707.0000 446 254 0.5695
8709.0000 446 255 0.5717
8724.0000 447 255 0.5705
8746.0000 447 256 0.5727
8747.0000 448 256 0.5714
8747.0000 448 257 0.5737
8752.0000 448 258 0.5759
8753.0000 448 259 0.5781
8756.0000 448 260 0.5804
8771.0000 449 260 0.5791
8793.0000 450 260 0.5778
8808.0000 451 260 0.5765
8823.0000 452 260 0.5752
8833.0000 452 261 0.5774
8834.0000 452 262 0.5796
8835.0000 452 263 0.5819
8843.0000 453 263 0.5806
8858.0000 454 263 0.5793
8870.0000 454 264 0.5815
8871.0000 454 265 0.5837
8875.0000 454 266 0.5859
8881.0000 455 266 0.5846
8897.0000 455 267 0.5868
8903.0000 456 267 0.5855
8911.0000 456 268 0.5877
8912.0000 456 269 0.5899
8916.0000 456 270 0.5921
8918.0000 457 270 0.5908
8933.0000 458 270 0.5895
8946.0000 458 271 0.5917
8947.0000 458 272 0.5939
8957.0000 459 272 0.5926
8980.0000 460 272 0.5913
8981.0000 460 273 0.5935
8982.0000 460 274 0.5957
9003.0000 461 274 0.5944
9025.0000 462 274 0.5931
9048.0000 463 274 0.5918
9048.0000 463 275 0.5940
9053.0000 463 276 0.5961
9060.0000 463 277 0.5983
9061.0000 463 278 0.6004
9070.0000 464 278 0.5991
9085.0000 465 278 0.5978
9102.0000 466 278 0.5966
9120.0000 467 278 0.5953
9136.0000 468 278 0.5940
9147.0000 468 279 0.5962
9156.0000 469 279 0.5949
9175.0000 470 279 0.5936
9198.0000 471 279 0.5924
9220.0000 472 279 0.5911
9237.0000 473 279 0.5899
9258.0000 474 279 0.5886
9263.0000 474 280 0.5907
9279.0000 475 280 0.5895
9298.0000 476 280 0.5882
9302.0000 476 281 0.5903
9303.0000 476 282 0.5924
9318.0000 477 282 0.5912
9323.0000 477 283 0.5933
9340.0000 478 283 0.5921
9355.0000 479 283 0.5908
9373.0000 480 283 0.5896
9395.0000 481 283 0.5884
9395.0000 481 284 0.5904
9396.0000 481 285 0.5925
9406.0000 481 286 0.5946
9407.0000 481 287 0.5967
9417.0000 482 287 0.5954
9419.0000 482 288 0.5975
9432.0000 482 289 0.5996
9438.0000 483 289 0.5983
9449.0000 483 290 0.6004
9459.0000 484 290 0.5992
9478.0000 485 290 0.5979
9496.0000 486 290 0.5967
9496.0000 486 291 0.5988
9518.0000 487 291 0.5975
9518.0000 487 292 0.5996
9538.0000 488 292 0.5984
9555.0000 489 292 0.5971
9565.0000 489 293 0.5992
9566.0000 489 294 0.6012
9572.0000 490 294 0.6000
9589.0000 491 294 0.5988
9601.0000 491 295 0.6008
9602.0000 491 296 0.6029
9606.0000 492 296 0.6016
9626.0000 493 296 0.6004
9642.0000 494 296 0.5992
9647.0000 494 297 0.6012
9659.0000 495 297 0.6000
9675.0000 496 297 0.5988
9697.0000 497 297 0.5976
9713.0000 498 297 0.5964
9732.0000 498 298 0.5984
9733.0000 499 298 0.5972
9733.0000 499 299 0.5992
9734.0000 499 300 0.6012
9753.0000 500 300 0.6000
9771.0000 501 300 0.5988
9792.0000 502 300 0.5976
9799.0000 502 301 0.5996
9800.0000 502 302 0.6016
9801.0000 502 303 0.6036
9815.0000 503 303 0.6024
9821.0000 503 304 0.6044
9822.0000 503 305 0.6064
9832.0000 504 305 0.6052
9852.0000 505 305 0.6040
9873.0000 506 305 0.6028
9891.0000 507 305 0.6016
9908.0000 508 305 0.6004
9924.0000 509 305 0.5992
9947.0000 510 305 0.5980
9962.0000 511 305 0.5969
9975.0000 511 306 0.5988
9982.0000 512 306 0.5977
9993.0000 512 307 0.5996
9994.0000 512 308 0.6016
9998.0000 513 308 0.6004
